1 2 3 4 5 6 7 8 9 10 91 92 93 94 95 96 97 98 99 100 81 82 83 84 85 86 87 88 89 90 71 72 73 74 75 76 77 78 79 80 61 62 63 64 65 66 67 -89068 69 745430 51 52 53 54 545555 56 57 58 59 60 41 42 43 44 45 46 4543557 48 49 50 31 32 33 34 35 36 37 38455 39 40 21 22 23 24 56625 26 27 28 29 30 11 12 133455 14 -435515 16 17 -34518 19 20
100


500
431 432 433 434 435 436 9437 438 439 440 231 232 233 234 235 236 237 238 239 240 1 2 3 -4 5 6 7 8 9 10 401 1402 -1403 404 405 406 -407 408 409 410 11 12 13 14 -15 16 17 18 19 20 111 112 113 1146 115 116 117 118 119 120 21 22 23 24 25 26 -27 28 29 30 191 192 1936 194 195 196 197 198 199 200 31 32 33 34 35 36 37 38 39 40 421 422 9423 424 425 426 427 428 429 430 121 122 123 124 125 1266 127 128 129 130 61 62 63 64 -65 66 67 68 69 70 51 52 53 54 55 56 57 58 59 60 381 382 1383 384 385 386 387 388 389 390 131 -132 133 134 135 -136 137 138 139 140 291 292 2935 294 295 296 297 298 299 300 81 82 83 84 85 86 87 88 89 90 161 162 163 164 165 1666 167 168 169 170 341 342 343 344 1345 346 347 348 349 350 141 142 143 144 145 146 147 148 149 150 71 72 73 74 75 76 77 78 79 80 411 412 413 414 415 416 417 418 419 420 41 42 43 44 -45 46 47 48 49 50 391 392 393 394 395 396 397 398 399 400 1361 362 363 1364 365 366 367 368 369 370 9491 492 493 494 495 9496 497 -498 499 500 311 312 5313 314 315 316 317 318 319 320 221 222 223 224 225 226 227 228 229 230 201 202 2036 204 205 206 207 208 209 210 9441 442 -443 -444 445 446 447 448 449 450 151 -152 153 154 -155 156 -157 158 159 160 211 212 -213 214 215 216 -2176 218 219 220 461 462 463 464 465 466 467 468 469 470 1016 102 103 -104 105 106 107 108 109 110 241 242 -243 244 245 -2466 247 248 249 250 471 472 473 -474 475 476 477 478 479 480 261 262 2636 264 265 266 267 268 269 270 91 92 93 94 95 96 97 98 99 100 271 272 273 274 275 276 2775 278 279 280 301 -302 303 304 3055 -306 307 308 309 310 481 482 483 484 485 486 487 488 489 490 371 372 373 374 375 376 377 378 379 380 321 322 323 6324 325 326 327 328 329 330 251 252 253 254 255 256 257 258 259 260 171 -172 173 174 175 -176 177 178 179 180 331 332 333 334 335 336 337 338 339 340 451 -452 453 -454 455 456 457 458 459 460 181 -182 183 184 -185 186 187 188 189 190 351 352 353 354 355 356 357 358 359 360 281 282 2835 284 285 286 287 288 289 290













